C  
C  1    R1 
H  1    R2  2    A2 
H  1    R3  2    A3  3    D3 
H  2    R4  1    A4  3    D4 
H  2    R5  1    A5  5    D5 
H  2    R6  1    A6  5    D6 
C  1    R7  2    A7  3    D7 
C  8    R8  1    A8  2    D8 
H  8    R9  9    A9  1    D9 
H  8   R10  9   A10  10   D10 
H  9   R11  8   A11  10   D11 
H  9   R12  8   A12  12   D12 

R1   =   1.483527
R2   =   1.083617
R3   =   1.083617
R4   =   1.093555
R5   =   1.093555
R6   =   1.093211
R7   =   1.587532
R8   =   1.335786
R9   =   1.085491
R10  =   1.085491
R11  =   1.085491
R12  =   1.085491
A2   = 120.213000
A3   = 120.213000
A4   = 110.328000
A5   = 110.328000
A6   = 110.288000
A7   =  85.000000
A8   =  85.000000
A9   = 121.050000
A10  = 121.050000
A11  = 121.050000
A12  = 121.050000
D3   = 171.503000
D4   =  34.430400
D5   = 119.639000
D6   = 239.819000
D7   =  85.000000
D8   =  85.000000
D9   =  85.000000
D10  = 180.000000
D11  = 360.000000
D12  = 180.000000

